3 0.8133662553628455 0.7255090748592841 0.2850408448668034 0.06785970388616018
1 0.22532235768120393 0.2686621470234626 0.43647069368794006 0.14821079156121666
1 0.7215726165784526 0.20344148387445876 0.4358976907221905 0.13414829156121666
1 0.22727483543808252 0.37383979859503913 0.43564302273741295 0.12789829156121665
1 0.7252321743733872 0.32413497353537657 0.41912136760421675 0.18171249627594638
1 0.23240139273872557 0.49680426364885105 0.44664418973360737 0.1299702138109577
1 0.7257667321683218 0.444974012410506 0.4365343606841344 0.14977329156121666
1 0.7318191195070209 0.583490702857212 0.4367890286689121 0.15602329156121666
1 0.23523327958313311 0.6378102533097689 0.4505278765014653 0.2252827138109577
1 0.45598749547701367 0.7889402979758666 0.724312886387297 0.28482049544737686
