2 0.6133929656150695 0.11064401592516268 0.06500936379145834 0.11072348428423431
2 0.5741849952503474 0.10621338110280912 0.06864351006798622 0.132744033498446
2 0.5074696207253127 0.09602505190480806 0.06998780452090295 0.12344180810555187
2 0.4541445989738195 0.08990563854640721 0.07140483415618064 0.11726458271265772
2 0.3962048124046876 0.08712954900932393 0.07155030452090286 0.12351458271265774
2 0.3162081878796529 0.07755980397172266 0.08081620174736122 0.11926373035529285
1 0.47190951405513965 0.8195567512428543 0.9121064886008335 0.36088649751429147
2 0.20149107123840287 0.06002350930562491 0.056107142476805726 0.12004701861124982
2 0.09522288744281256 0.061789370554329925 0.06232077488562511 0.12357874110865985
2 0.14920187262517368 0.05966179032287157 0.05429006933854179 0.11932358064574314
5 0.9232926828456598 0.1703078445039912 0.15341463430868033 0.32439218610347986
5 0.7956067067813544 0.1466886395798645 0.16461323955076407 0.293377279159729
1 0.06795905793937537 0.43324483953708326 0.12653527735416706 0.47413532092583355
