4 0.3082725911200985 0.9331755116471033 0.33411423871722895 0.11579757688750761
4 0.6582869629859955 0.8875299824756038 0.3278475183424 0.16851314111185864
4 0.26985025178236666 0.7791774084131715 0.24139319279472177 0.19986496042459265
4 0.38508044668865943 0.7598774525111348 0.13640416442319178 0.13039790818602892
4 0.5398134107952821 0.7502081241532894 0.14081887978345584 0.12126856965141819
1 0.4459333109662019 0.19660616858993682 0.6262803213245363 0.34484542627625203
4 0.3279020956724451 0.6606863579836302 0.3756772645814763 0.20378225576575115
4 0.24936087318604513 0.4378054579382017 0.23672241316955062 0.14657618611433315
4 0.6076099792168245 0.5649013879480993 0.21493834138279588 0.14855476594251654
4 0.600869548892008 0.39442179161157237 0.3215807979675713 0.22122870533620986
