4 0.7166265829960021 0.8104663071637269 0.4286937245580866 0.3790673856725462
4 0.21059458898889596 0.8584722262698691 0.4054465750784851 0.2830555474602619
4 0.6567336838550848 0.7156052519837346 0.25728795680654776 0.14779269237293705
4 0.4622223660126889 0.7980382621505355 0.2979549796464694 0.328571466419554
4 0.1621725356186786 0.5644965535355299 0.30914478516439337 0.304007976038201
4 0.4386675158309748 0.4559673240387679 0.3847113511977668 0.3471974700477512
4 0.8016145731579212 0.44516132112836104 0.37122206128367524 0.3576438967267734
4 0.8169440812985215 0.22732898038418817 0.3494355924913396 0.32880956859647226
4 0.40505159090945997 0.17146334926651136 0.2678646879233554 0.29008931977759866
4 0.1851241932388806 0.23109377649368784 0.3506638998182859 0.35224706859647237
