2 0.1296875 0.2421875 0.12265625 0.19921875
2 0.2546875 0.28671875 0.0953125 0.29375
2 0.37578125 0.19921875 0.11328125 0.20625
2 0.5 0.20390625 0.12265625 0.20078125
2 0.63828125 0.2046875 0.1171875 0.203125
2 0.76484375 0.21640625 0.11015625 0.225
2 0.884375 0.25078125 0.071875 0.29609375
2 0.13984375 0.46015625 0.13828125 0.19375
2 0.46953125 0.47734375 0.334375 0.09375
2 0.58671875 0.7046875 0.09375 0.0390625
2 0.15 0.90625 0.14375 0.06328125
2 0.55625 0.903125 0.30390625 0.1015625
2 0.1265625 0.721875 0.1046875 0.0421875
5 0.64921875 0.61640625 0.5609375 0.1828125
5 0.66796875 0.8234375 0.52890625 0.22421875
4 0.23203125 0.85703125 0.32109375 0.14375
1 0.23828125 0.603125 0.16953125 0.0625
5 0.2234375 0.596875 0.06953125 0.02734375
5 0.19921875 0.66171875 0.2546875 0.12265625
