2 0.018497650700180276 0.2461472539289414 0.032522693348181135 0.11083049214211718
2 0.032332884030862215 0.22596103246498872 0.04346019334818113 0.11133991439185813
2 0.07272152669477143 0.20375639268023643 0.05588746801399935 0.10567211124870504
1 0.08578733740449673 0.5205072450376013 0.1627021840388164 0.2933605099247975
1 0.34206570408972314 0.6453637340793466 0.5171191534054512 0.5550472965236153
1 0.5006299927195885 0.3667378122438903 0.4980407947167249 0.39174677584545103
1 0.7316002643419768 0.2941392584815646 0.5367994713160463 0.42652419023730903
1 0.6205504993634532 0.1930926428896334 0.3261465186982713 0.24787684367091245
3 0.07189591804581606 0.3343343045908952 0.13750109468490826 0.14070639081820957
1 0.5744556546785449 0.48735421919215033 0.8510886906429102 0.7178599354797981
