2 0.43984375 0.2125 0.05 0.12265625
2 0.48671875 0.25 0.0546875 0.1265625
4 0.17109375 0.10625 0.08203125 0.059375
4 0.17734375 0.03046875 0.06484375 0.0515625
4 0.25546875 0.084375 0.04296875 0.05625
4 0.3046875 0.10390625 0.03984375 0.0609375
4 0.29765625 0.15390625 0.06953125 0.04609375
4 0.3078125 0.03984375 0.0609375 0.05859375
4 0.246875 0.03125 0.0640625 0.0546875
4 0.4921875 0.0484375 0.08203125 0.08125
4 0.45 0.07734375 0.0515625 0.08046875
4 0.5671875 0.034375 0.0828125 0.06171875
4 0.64453125 0.08671875 0.1 0.04765625
4 0.5375 0.13671875 0.10234375 0.05703125
4 0.53359375 0.19296875 0.0921875 0.07265625
4 0.428125 0.1484375 0.109375 0.0890625
4 0.3921875 0.159375 0.0484375 0.04765625
4 0.6265625 0.26796875 0.078125 0.06875
4 0.65390625 0.2109375 0.0640625 0.05859375
4 0.61875 0.1359375 0.065625 0.05625
4 0.6890625 0.1671875 0.07109375 0.05390625
4 0.7546875 0.10625 0.10078125 0.05859375
4 0.77421875 0.19140625 0.06875 0.05859375
4 0.78828125 0.26796875 0.09921875 0.0875
1 0.69609375 0.3890625 0.39375 0.1078125
1 0.69453125 0.484375 0.31328125 0.13828125
4 0.85703125 0.56640625 0.184375 0.0875
1 0.73515625 0.6640625 0.46875 0.1859375
1 0.75 0.79453125 0.49296875 0.16875
1 0.6765625 0.94921875 0.646875 0.09765625
1 0.26328125 0.7875 0.52578125 0.140625
1 0.26015625 0.65859375 0.5203125 0.13671875
1 0.2515625 0.51953125 0.50078125 0.08828125
1 0.16328125 0.40390625 0.3265625 0.1265625
1 0.26953125 0.39140625 0.5390625 0.14140625
1 0.09375 0.2234375 0.18671875 0.11171875
1 0.2328125 0.28984375 0.465625 0.0578125
