4 0.6004870479675712 0.2185253684442019 0.21836017273646213 0.36733688962701405
4 0.5259931648189032 0.28783710647635463 0.1649049006331383 0.24742312670923622
4 0.4689535546314888 0.31305400560267393 0.14341033386094856 0.206325348023889
4 0.4337662123907631 0.33799880100552115 0.11919994404836291 0.17921733415618063
4 0.4016129419367919 0.3598913315907295 0.1073531619159093 0.1477127610179168
4 0.3799652624699053 0.3671946853142017 0.09480769780928666 0.1458593202884723
4 0.35463865353613216 0.3822196200597225 0.09104620031656907 0.12391158510611114
4 0.27586043566858576 0.41161487290951404 0.04248902837152997 0.06500805737069441
1 0.18950906169111778 0.5563805526210418 0.055915030878812375 0.0434603656913195
1 0.19413437720966625 0.6080157878034029 0.07842652837152993 0.0658445119678472
1 0.1876008838735838 0.7054538322563195 0.07387542069139794 0.07042290919430556
4 0.28469954123714664 0.5812370418874655 0.07299488229073817 0.0938240416031249
4 0.2904638079301941 0.5915205784565976 0.08277905925034235 0.10810474715020853
4 0.30314566435668483 0.5980615191860419 0.09238137978345566 0.1161354526972918
4 0.3221911810497322 0.6086541802802086 0.0893473079967011 0.11918771751493065
4 0.3381116977427797 0.6191741061920142 0.10390991316955063 0.13670252583555573
4 0.35029946067490336 0.6623974293302781 0.1309557979675712 0.20759690729444458
4 0.38589597987523333 0.6515151339274309 0.1236601235152495 0.17151393692972228
4 0.4146491171805364 0.7005890667730906 0.1476719365265156 0.24546058320625014
4 0.46135663261994264 0.722755660712917 0.162098149379497 0.25828789152687504
4 0.526070001978557 0.7734472981557297 0.19190532132453625 0.31675500816812524
4 0.5996271739235963 0.8248409183123613 0.24956470862983943 0.35031816337527744
