4 0.7201844264071813 0.13413033355776977 0.45025614718563745 0.21519779059146024
4 0.6160297344973331 0.33476774140511434 0.5246792945124492 0.26271459972742883
4 0.5912895268024695 0.5442688941640764 0.5073699681476203 0.31321256671074205
4 0.6241042138741687 0.7881317588179689 0.617062757539572 0.4046365061044355
4 0.31929634555713926 0.8693375774533344 0.2332044260542455 0.26132484509333126
4 0.2507232529131846 0.3101373971047524 0.2615099785297896 0.4514274604245926
4 0.1512979185146735 0.10666715909054006 0.2993460945689189 0.1917116236990041
4 0.17032093429968906 0.4815376843053107 0.3406418685993781 0.586273851197767
4 0.11910189110265781 0.8241003205559293 0.23820378220531563 0.3260999118040736
4 0.14315950881014097 0.9650385018090223 0.20905575256024878 0.06992299638195547
