3 0.4970252047102205 0.8993442214843277 0.9147260876750565 0.20131155703134454
3 0.4967105274980808 0.8084917083301482 0.9260317688161376 0.2767665833397036
3 0.5193795860179173 0.7233508688817267 0.9391481989237616 0.2572731306947501
3 0.4951714904849781 0.607255432021789 0.9391481989237613 0.2572731306947501
3 0.5410296263430435 0.5076124768165868 0.917940747313913 0.2572731306947501
3 0.5189792098820162 0.4288273241575161 0.9391481989237616 0.2572731306947501
3 0.5387982114344567 0.32769746366240726 0.9224035771310864 0.2572731306947501
3 0.5591802549623988 0.22858512947565765 0.8816394900752025 0.25490699389128213
3 0.5446960698923762 0.11932685267318824 0.9106078602152478 0.23865370534637648
3 0.526494033498446 0.0637593921357271 0.924863066996892 0.1275187842714542
