2 0.028397237675528115 0.2787062621002484 0.05679447535105623 0.10196247579950324
2 0.07115354647281243 0.2666920754301608 0.05359639077317437 0.0987193011314682
2 0.09713619233436946 0.24779662968488694 0.039697665083433885 0.10176248789975162
2 0.13627725746323185 0.23116766588743634 0.05022572930778511 0.0940136204133089
1 0.09436971845365126 0.5267346959416657 0.18873943690730252 0.26840560811666875
1 0.3347701526474203 0.6611313800776705 0.47801869515944456 0.47763620413308916
1 0.5115251616925318 0.4179893923743105 0.46209936680159913 0.3229032523376912
1 0.7334311391912947 0.3713996969236243 0.5042802227490645 0.35282710167376113
1 0.6396578850074232 0.26807068472518003 0.302750943011738 0.20326239714788857
3 0.09386510741780332 0.35487787665982484 0.18773021483560665 0.12461924668035032
1 0.5740517379026707 0.5363394165748073 0.8061171189493056 0.5982588181034905
