4 0.9275483442241669 0.6539379818075441 0.1449033115516663 0.4260274607105858
4 0.7521373022397922 0.5609264981424824 0.2222841884483337 0.49732457195929064
4 0.549193486985313 0.5445695597626908 0.2718114097629865 0.47934085938667825
4 0.3139469712177435 0.5852460254356754 0.3537537004161811 0.579927364349077
4 0.1797297464846183 0.2958646559148027 0.3469152868534724 0.2190626389561828
4 0.7736420942241669 0.2079812806074711 0.4221698599917364 0.2334933200972639
4 0.9423329703647223 0.12237353618904237 0.1153340592705554 0.24474707237808474
4 0.607433906344514 0.14377561703967326 0.546117812689028 0.2875512340793465
4 0.2758923124046876 0.10255776571576572 0.3017846248093751 0.20511553143153144
4 0.08588556145475705 0.12817419582338957 0.16083231648875018 0.2041524607105857
