3 0.3118418547501325 0.6077520697197915 0.6169929787555414 0.6688708605604171
3 0.6459879460534521 0.3788211038203814 0.6263679787555413 0.6690890661075005
3 0.6485077027768587 0.7968444052071522 0.4012567013844521 0.3857998681598616
3 0.43697076611231295 0.8173972138121176 0.3649555747135434 0.35371341356270847
3 0.3631283506922261 0.18619011350711798 0.3668817013844522 0.37238022701423595
3 0.8299522240213172 0.48385017667430485 0.3400955519573657 0.3861258700597226
3 0.6113931280235444 0.1646849418699998 0.3226226240451798 0.3293698837399996
3 0.03500389803468022 0.2547232143807986 0.059177194700816615 0.25287173328250007
3 0.11938634667409058 0.054069250949930536 0.13252269334818118 0.10813850189986107
3 0.20391391279435775 0.9361336024892012 0.1136817866804539 0.10418096656499998
3 0.8910453600413618 0.7840852595962146 0.21790927991727643 0.3957528303564587
