4 0.115625 0.16875 0.2265625 0.2859375
4 0.35078125 0.16640625 0.23125 0.28125
4 0.5953125 0.1453125 0.23984375 0.27109375
4 0.871875 0.1265625 0.21875 0.253125
4 0.86640625 0.45390625 0.2375 0.26015625
4 0.62890625 0.47578125 0.2140625 0.246875
4 0.3921875 0.50703125 0.22109375 0.290625
4 0.13359375 0.5015625 0.215625 0.26640625
4 0.16640625 0.83046875 0.215625 0.259375
4 0.40703125 0.81953125 0.20859375 0.246875
4 0.63515625 0.815625 0.19765625 0.26875
4 0.88515625 0.815625 0.2296875 0.2875
