1 0.49559570829996574 0.5542548100404797 0.6022341001111814 0.8914903799190406
1 0.817742812023438 0.5695565784693871 0.18801437195958356 0.3001239099950512
4 0.2017105832062501 0.1510246687014785 0.10043771751493065 0.09109639077317437
4 0.1656471030578821 0.21077812697836446 0.09229921561506957 0.14373006784239584
4 0.17231663677722248 0.29618003844375373 0.14015483415618063 0.12126856965141819
4 0.07851404502159755 0.38958147840327395 0.13528549620027788 0.11321040818602893
4 0.046413979101528266 0.5860946302577248 0.06864351006798622 0.13312676051544958
1 0.09165700997107702 0.7531083898686632 0.14008601823611136 0.31946040818602894
4 0.11440613858017432 0.85886042288535 0.13797539152687516 0.16172979534115867
4 0.1543739090973964 0.698653263228983 0.15941398043270846 0.14412621551297528
4 0.20277896076850768 0.9009461035726162 0.11501067021222236 0.18081398801421217
4 0.23653309887691032 0.7419738952957301 0.114792464665139 0.1714389880142125
