2 0.459375 0.13046875 0.04140625 0.09140625
2 0.4953125 0.13046875 0.04140625 0.1109375
2 0.55546875 0.128125 0.04453125 0.103125
2 0.60390625 0.128125 0.04765625 0.096875
2 0.65546875 0.13046875 0.04609375 0.103125
2 0.72890625 0.13046875 0.05703125 0.096875
1 0.54765625 0.8515625 0.89140625 0.296875
2 0.83359375 0.1203125 0.02890625 0.115625
2 0.92890625 0.13046875 0.03515625 0.11953125
2 0.8796875 0.13125 0.03046875 0.10078125
2 0.8234375 0.03046875 0.02578125 0.0609375
2 0.91171875 0.02578125 0.0265625 0.05078125
2 0.86328125 0.02578125 0.02578125 0.05078125
5 0.17109375 0.14453125 0.1015625 0.2890625
5 0.29375 0.13359375 0.10390625 0.2671875
1 0.940625 0.47734375 0.10546875 0.41640625
