4 0.88023256533855 0.7698091367049038 0.23953486932289997 0.2663088319758902
4 0.8468552293004235 0.5558218798074989 0.306289541399153 0.3258343181810801
4 0.8247365417995995 0.30005988071201 0.3445444813290184 0.3318320126631561
4 0.7673568697233466 0.08329169832726327 0.3190887394466932 0.16658339665452654
4 0.43462223620028234 0.14139520465884134 0.33174447240056465 0.2827904093176827
4 0.47874793181548564 0.369020079150815 0.31274901055001153 0.2989442695605611
4 0.5104554480475401 0.6175870539360442 0.3583887930174157 0.32006899705932385
4 0.588065799506942 0.8528008576449458 0.3244035308425509 0.25116186680159913
4 0.2502209261301475 0.8955294267305373 0.3125932775961401 0.20058865671569065
4 0.18813616314450402 0.6986001950479028 0.31110468993316054 0.2941748824054315
4 0.15360365584090335 0.467384494572933 0.29537059577735914 0.28710601085413395
4 0.12252738514462207 0.21018282621013884 0.24281834009531628 0.3171343475797223
