4 0.1453125 0.61171875 0.16171875 0.2875
4 0.359375 0.61953125 0.18671875 0.3796875
4 0.5703125 0.56171875 0.1703125 0.3125
4 0.7421875 0.62265625 0.19375 0.396875
4 0.9171875 0.61484375 0.16484375 0.28828125
4 0.09140625 0.296875 0.0875 0.153125
4 0.215625 0.2609375 0.12109375 0.26171875
4 0.353125 0.228125 0.128125 0.2515625
4 0.4765625 0.2671875 0.1390625 0.2453125
4 0.62265625 0.26328125 0.08046875 0.27578125
4 0.7828125 0.3015625 0.096875 0.253125
4 0.915625 0.07265625 0.11875 0.1453125
4 0.9609375 0.334375 0.078125 0.16640625
4 0.375 0.06171875 0.06875 0.1234375
4 0.13984375 0.06796875 0.08828125 0.1359375
4 0.69453125 0.04296875 0.0828125 0.0859375
4 0.01640625 0.60703125 0.0328125 0.27734375
