2 0.15452962699575687 0.20703125 0.23831703657757747 0.1734375
2 0.23492673421985028 0.3203125 0.32406353558899426 0.16875
2 0.18297159786973427 0.4640625 0.2410600346004111 0.1640625
2 0.22472004056909117 0.5875 0.23994320357377186 0.175
2 0.26476140323039205 0.7265625 0.23968853558899425 0.16875
2 0.313541095929749 0.85 0.25993736859279987 0.1671875
2 0.38220486570141243 0.94375 0.32020902372599613 0.1125
2 0.37299578410611955 0.16171875 0.23570137254713258 0.1859375
2 0.4863340198088445 0.4890625 0.1927047421285156 0.3578125
2 0.7465976991623287 0.54921875 0.06670202174882985 0.103125
2 0.8200525148287475 0.0703125 0.10573002965749509 0.140625
2 0.918675698630856 0.46796875 0.16264860273828816 0.3296875
2 0.6299686842964 0.08359375 0.07352502471457942 0.1171875
5 0.6765982169568258 0.63359375 0.3466414615196182 0.6078125
5 0.8484586991251476 0.60078125 0.30308260174970486 0.5859375
4 0.7935311185927999 0.1671875 0.23706223718559977 0.334375
1 0.5435430474519924 0.225 0.1138263725471326 0.1859375
5 0.5344081279843401 0.21171875 0.04843218281352506 0.0765625
5 0.5905971195813831 0.171875 0.1975885603035735 0.2859375
