3 0.13084339549756852 0.6085948446849082 0.2008555355151783 0.41793402936027135
3 0.2202422387835144 0.5518186806969986 0.21841574023744262 0.48219652402927143
3 0.32582007309246974 0.534295920711316 0.18221461982413373 0.43646585335772625
3 0.3997842930382405 0.5789095340547247 0.1760464330558503 0.45045562802354444
3 0.31950748234060666 0.2763925140435889 0.33026019262201595 0.10227376137808886
3 0.8616484887835144 0.5592821181174037 0.2710306383672897 0.126582870703362
3 0.8417314194034777 0.49107701078131283 0.3115556444174139 0.1098680853755436
3 0.8302490187395477 0.4503156507797221 0.33490224082661796 0.09451580537872513
3 0.8097370517206434 0.3500702027768586 0.3287704154946528 0.1147555800445434
3 0.6258615005891752 0.3963713960852688 0.2866021379745064 0.3861215027052709
