2 0.7563165247645447 0.8810668355496256 0.23129866689245623 0.15910438045579803
2 0.7044784650627494 0.749773073192336 0.33015224672063964 0.14130406821223893
2 0.7937157847141674 0.6156155904925414 0.2386198439616777 0.1500477154367701
2 0.7834477493226315 0.4828840035344032 0.23442366689245625 0.1592317144481868
2 0.7771645290599579 0.3338735005686536 0.2356586182719372 0.15304538144438115
2 0.7599880744011165 0.1985116621276406 0.2572879568065479 0.14924921939110264
2 0.7178149417685425 0.07700673524561448 0.32999511646291496 0.10855523520843344
2 0.5214092582562013 0.881673036120467 0.2289925384437538 0.17460204646340927
2 0.49057417458283065 0.5288862757403436 0.15049348145549163 0.3725355276803288
2 0.24211342039895914 0.41463413885875494 0.055404552238563644 0.10516234387822046
2 0.043203408243829386 0.8934409352849831 0.08640681648765877 0.16112318380210838
2 0.05418513172806283 0.4572023463496785 0.10837026345612566 0.3394046926993569
2 0.24045582937795756 0.909370977299768 0.0607471494796016 0.11785334486680377
5 0.33432525384518724 0.3432313241437381 0.28086481343138175 0.6288730523949082
5 0.13581799129357272 0.33291461216700924 0.27163598258714544 0.5970792243340185
4 0.09630681507309156 0.8023185281746205 0.19261363014618313 0.36526153855474386
1 0.36448090683129186 0.7836772520143473 0.09255707146044045 0.18931185079830276
5 0.37151547885755914 0.7988393369953194 0.03838747060135787 0.07796317391627668
5 0.3026492921773993 0.8281329061589606 0.16959096223361483 0.29067803262324465
