3 0.5124119819202974 0.94728021245243 0.8947334899708702 0.10543957509514001
3 0.5013260662434643 0.8436690173373866 0.8952790592503422 0.14260385482699753
3 0.5223312365391508 0.7610302722803025 0.8947334899708702 0.12385385482699754
3 0.4871174990755631 0.6503500988583174 0.8947334899708702 0.12385385482699754
3 0.531886778305023 0.5530731922422464 0.8947334899708702 0.12385385482699754
3 0.49305394734706826 0.47892076783167814 0.89473348997087 0.12385385482699754
3 0.508135726576528 0.3804341882879137 0.8947334899708702 0.12385385482699754
3 0.5381067199126105 0.2841149452079959 0.8947334899708702 0.12385385482699754
3 0.49894126834240005 0.17171310429552494 0.8947334899708702 0.12385385482699754
3 0.4537304052519918 0.06608784539827633 0.89317098997087 0.12379018783080313
