4 0.8480353417267599 0.8684150766085112 0.277037607141445 0.20784081283893308
4 0.8378047739492827 0.6489656398402277 0.30644446347211096 0.2814419393023663
4 0.8447441152624149 0.38567075430160835 0.30189333116686257 0.28922716822512734
4 0.8347959655040011 0.10811091920708601 0.2710330689919978 0.21622183841417203
4 0.4929260653418453 0.13572335568078187 0.3110228693163094 0.27144671136156373
4 0.4924140020318902 0.3869393802740621 0.29512513392680617 0.2595033067888089
4 0.4808826181050841 0.6447927868899204 0.34221832223840887 0.2722760175611974
4 0.5147728283340793 0.8961325730924699 0.30820578652459396 0.20333512002052528
4 0.16086657833407933 0.8981915394240032 0.29414328652459387 0.20325330678880887
4 0.1448842343768536 0.6662875544511179 0.2897684687537072 0.2532442164297294
4 0.14424310349129219 0.42180175624651595 0.28848620698258437 0.2438964875069681
4 0.13651419845787244 0.15701709358053345 0.2730283969157449 0.27034081283893313
