4 0.2097058706467864 0.22190553901185434 0.4194117412935728 0.44368892197629134
4 0.6562765762101389 0.10929545106513286 0.40932184757972223 0.21859090213026572
4 0.27231657677596577 0.30775285570403754 0.26016065128862387 0.174312886387297
4 0.4364343877209566 0.18100998908840404 0.3206488511977669 0.34672639726171195
4 0.7623716887163248 0.31351083540090147 0.3305218181810801 0.3268595662350727
4 0.5265116745828307 0.48527438334718537 0.4048534328349726 0.3766632480600148
4 0.19375556479017814 0.5971283734985346 0.3875111295803563 0.3932432530029306
4 0.2195059215306129 0.7948045281374394 0.3693320126631562 0.3533875741437381
4 0.6139453182966811 0.7358553620926471 0.28899605947465296 0.3080167243340185
4 0.7976386448455042 0.6223473245264866 0.35493531999010236 0.3761884041817941
