2 0.4324563219685015 0.2092256772963641 0.0609567760184536 0.13904921189493055
2 0.48436371996341077 0.2439824575995174 0.06882382001909004 0.14414614767057934
4 0.1382983366486372 0.12548359961588723 0.09298747867599957 0.07358134215265535
4 0.14081535665977304 0.04337046246075745 0.0741283906747269 0.06322369629109834
4 0.2276881006524552 0.09269103177349133 0.05074543467536321 0.06668288896415206
4 0.2813761746499098 0.10861592492151491 0.04609429734245411 0.0695622274987628
4 0.27684266864259205 0.1627268928093393 0.07874316534054504 0.057219357756487586
4 0.28296649399268214 0.03904373134395003 0.06951361600890867 0.06922803482570908
4 0.2166329693268639 0.036273935436964486 0.07260225334181776 0.06626680913596858
4 0.48142217532622755 0.03781596364818205 0.09482269867918128 0.0756319272963641
4 0.43728127665500055 0.06296815298610461 0.06199201734563573 0.09381859905006032
4 0.5621000106620002 0.020863619403590942 0.09454997867599957 0.041727238807181884
4 0.647455707988546 0.050391830621152975 0.11159202800763594 0.06206398801421238
4 0.5334653859802736 0.11726614936805999 0.11486247867599957 0.0747277623244719
4 0.531984154638774 0.17746334294562485 0.10565111067790856 0.0882989393936934
4 0.41684095997772835 0.14211674242522648 0.12463746801399936 0.10959408525525038
4 0.37840516864259205 0.15740422772590543 0.05686816534054504 0.056072937584671044
4 0.6365711099618199 0.2477172099743666 0.08842724801081765 0.08427318068726608
4 0.6622983633036378 0.18390701549229058 0.07263861600890867 0.06939180913596857
4 0.6218102706476827 0.107170775103229 0.0757454346753633 0.06799308344622808
4 0.6988085753103193 0.13280486092430627 0.08041475334181776 0.06667624491161735
4 0.7675863946530915 0.05971151967616208 0.11329997867599957 0.07464587516934214
4 0.7915318773074558 0.14902632519408604 0.07888861600890866 0.06971935775648759
4 0.810099516629547 0.23081523575496413 0.11208292401336309 0.10425148801421233
1 0.7163484219446389 0.3700215779076195 0.43284995735199916 0.16010085481581154
1 0.7190547039306395 0.4729418600197951 0.34725790268936263 0.18528456128367524
4 0.8939177965865946 0.542635805067698 0.1996556493475449 0.1150871687014785
1 0.7519928312380953 0.6617243990293756 0.48234197469763485 0.25326435662483393
1 0.755053101885778 0.8013224875639864 0.4727306173615441 0.23246053369405537
1 0.6785440512015061 0.9349405710102147 0.6209852093411815 0.09032170058651161
1 0.27982583521645993 0.845747432723431 0.5521090346912716 0.21007427860567277
1 0.2705324846236611 0.7065178363869041 0.5410649692473222 0.20333295567489423
1 0.2579512159651607 0.5597214015157665 0.5159024319303214 0.14758092265820738
1 0.16187164930777392 0.44530809871137605 0.32374329861554785 0.17188380257724792
1 0.2761341439767738 0.4182365863869042 0.5522682879535477 0.2104018272261916
1 0.08088582598663699 0.25820092435568803 0.16177165197327398 0.13984815128862396
1 0.23351083931413724 0.3142384831529723 0.4670216786282745 0.11214803369405538
