3 0.6711995867216318 0.15935421487760515 0.40516289152687507 0.15702372228346176
3 0.5983420085493748 0.23554907621572774 0.46482883225631966 0.16986915592848728
3 0.5592957327138192 0.3357626996540987 0.42340374525034735 0.1352578065924172
3 0.587146669359201 0.41449623283158604 0.43891964247680554 0.13066121018321333
3 0.31049586322277756 0.28565465710683763 0.07159059137437529 0.3238102047222643
3 0.47278473689479095 0.8643194917103806 0.10149499050069473 0.2661795119038565
3 0.410158103536041 0.8365626512531051 0.07929398860083356 0.3191681565176623
3 0.3738575808346174 0.818807524691476 0.06421450246854192 0.34251475292686634
3 0.28036280718326323 0.774826241415793 0.08558035619201423 0.3207670179539809
3 0.3639961908263537 0.6048313831027325 0.363558579406528 0.2489566922292326
