4 0.41875 0.8233159928284239 0.225 0.3533680143431521
4 0.49921875 0.7705581028947085 0.1703125 0.2559474435540633
4 0.55859375 0.747631523583281 0.1484375 0.2145585517214313
4 0.596875 0.726312084290387 0.1234375 0.18556053248413756
4 0.63046875 0.7063914538905003 0.109375 0.1522569591631598
4 0.653125 0.7001513775742978 0.1 0.15349207694917483
4 0.68046875 0.6862624923650877 0.0921875 0.12821925843752063
4 0.76171875 0.6625373048862923 0.04375 0.06715278366526398
1 0.8609375 0.5222520999843016 0.05625 0.04727679328391084
1 0.86171875 0.46993563183546705 0.0796875 0.06997024881887377
1 0.8765625 0.37279773700761015 0.075 0.07449405771188111
4 0.7671875 0.49085327784445026 0.0734375 0.09787699400955034
4 0.7625 0.4797520867374576 0.084375 0.11232143992586607
4 0.75 0.47228432711881074 0.096875 0.12213294954451293
4 0.73125 0.46147331269084046 0.0921875 0.12509425843752062
4 0.7171875 0.4492634893698629 0.1078125 0.144389895460829
4 0.70703125 0.40515882530471226 0.134375 0.21406747840045365
4 0.67109375 0.41406011015110256 0.1265625 0.1778571598887993
4 0.6453125 0.3623785590626435 0.1546875 0.2538393065307547
4 0.6 0.3373587116950486 0.1671875 0.26677581614940155
4 0.53984375 0.2821330091553107 0.2 0.32729665389834944
4 0.471875 0.20866573810391845 0.2625 0.3935417019915838
