3 0.06224336641599152 0.5323411385589443 0.09697793134596895 0.47405727711788864
3 0.1057022679875681 0.5273641335443794 0.11194795988201625 0.46044941818411544
3 0.17154343775610972 0.5004128401291548 0.12997452191650954 0.5124665592503422
3 0.24950146381095767 0.44884799162022276 0.1939343221641785 0.6126316953020042
3 0.36685162965055784 0.4389992816702352 0.17958072373575504 0.6059725183424002
3 0.45351256761606457 0.39002823574772805 0.17918692555500063 0.698023626022532
3 0.563108045490158 0.431446509104693 0.16878877294996678 0.6087792695960413
3 0.653566071545006 0.3802453734487426 0.18336500330525957 0.6872225183424001
3 0.7459890119917121 0.37123173779279206 0.18619890487683613 0.6810634465556454
3 0.833797227045524 0.36364420981697354 0.18321945409104784 0.6840975183424001
3 0.9174614818030349 0.3876021985342025 0.16507703639393015 0.6361146594086269
