2 0.39921875 0.7697169056428426 0.0734375 0.1370897472985769
2 0.45234375 0.7377164767459997 0.078125 0.14361276308359247
4 0.10859375 0.8468001343138066 0.09375 0.08046031570031076
4 0.10234375 0.9159141553604939 0.0703125 0.046282736775233244
4 0.1890625 0.8796133633377063 0.053125 0.0671566788968427
4 0.24296875 0.8647549318100275 0.0515625 0.07175317363517095
4 0.24453125 0.8131014265483556 0.0796875 0.06401626834526439
4 0.23515625 0.9253662081183869 0.06875 0.05869173151356151
4 0.17265625 0.9227564185852607 0.0703125 0.049407736775233246
4 0.4234375 0.9354938240869288 0.09375 0.08514781570031076
4 0.38515625 0.9095984529978892 0.0671875 0.09453822625188942
4 0.496875 0.950747826788352 0.090625 0.04590330517696728
4 0.58359375 0.9230407847655645 0.109375 0.07199536831702957
4 0.484375 0.8592883688817267 0.115625 0.08329688936371653
4 0.48984375 0.8011573504658752 0.10625 0.09681335779368574
4 0.3765625 0.8335364819370843 0.1265625 0.11674642619541978
4 0.34140625 0.818396600324701 0.0578125 0.059617194681858623
4 0.59765625 0.7355029874105178 0.0921875 0.08974431043863902
4 0.61484375 0.7970019295321273 0.075 0.07624325256024882
4 0.56640625 0.8701355926439547 0.078125 0.07330026308359265
4 0.64296875 0.8461450848220341 0.0828125 0.07357327886860787
4 0.6984375 0.9163518980326835 0.1125 0.08311487884037305
4 0.7328125 0.8315372822759027 0.0796875 0.0765162683452644
4 0.76171875 0.7548536849349736 0.1171875 0.11463789462538862
1 0.68984375 0.6199774269718786 0.4171875 0.20398590486638374
1 0.70546875 0.5221923743551601 0.3421875 0.2152426523061351
4 0.88359375 0.4579115245245694 0.2015625 0.1336146787556686
1 0.76171875 0.34391618493497356 0.4765625 0.30119410480991393
1 0.775 0.21267389021076286 0.45 0.28245951536149255
1 0.7171875 0.08266276862761299 0.565625 0.16532553725522597
1 0.3234375 0.16006816083392725 0.5578125 0.26998887841685015
1 0.296875 0.2920840002823487 0.55 0.2632838521084909
1 0.26328125 0.4323218634082934 0.521875 0.21008325739839756
1 0.16484375 0.54039894489362 0.3296875 0.2067021102127601
1 0.271875 0.5661963344690982 0.54375 0.2707323310618035
1 0.07734375 0.7158077395472435 0.1546875 0.15588452090551302
1 0.221875 0.6652022528425974 0.44375 0.16647049431480526
