1 0.554821317720763 0.4765513261175319 0.8903573645584739 0.5504212818027451
1 0.6098076869275403 0.7943246333973202 0.28925520678164424 0.17351126463433103
4 0.10254291893997211 0.27213355435292197 0.0856892510334573 0.09578519867214012
4 0.1550471807267964 0.22494039178513536 0.13830482878371625 0.08515677088084708
4 0.23894914578060833 0.214293262394836 0.11399834160399784 0.1334397347764936
4 0.3127247859796454 0.10367794926131531 0.10753001778268026 0.12871587334017515
4 0.49605951674922294 0.03156257562655256 0.1327440334984459 0.06312515125310512
1 0.6642294739451521 0.052429066649562116 0.3128339478903042 0.10485813329912423
4 0.7698437731593638 0.05501773546386467 0.15531254631872765 0.11003547092772933
4 0.6227547574435981 0.115940558163551 0.1383091368892682 0.1523260901626879
4 0.8262800177826805 0.12335256148320069 0.17518839867609232 0.1056783491396783
4 0.6784825266740204 0.18829228113438382 0.1642508986760925 0.10561471662612103
