3 0.4564310786504159 0.9670976880171811 0.4531626740119446 0.06580462396563788
3 0.45452439295496455 0.9188174660645879 0.44058993882958325 0.07073395472626984
3 0.43103364798895766 0.8536828147278609 0.48924564437666673 0.0806725760661788
3 0.38601339513916605 0.7734498747214975 0.5826696424768056 0.13487027474536006
3 0.3808193617041661 0.6608589680537703 0.5761287017473612 0.12229754941117825
3 0.33832469681027727 0.5728408000477251 0.6649729962002778 0.11395888542326862
3 0.3828579064414232 0.47255044605345214 0.5805616286090973 0.11141459341181452
3 0.33734734432107605 0.37980841538031607 0.6557070989738196 0.1185372974219959
3 0.33469642942718725 0.29225387137967973 0.6495298341561806 0.1215895720878141
3 0.3287594732145138 0.20621637404517976 0.6575189464290276 0.1185736600890868
3 0.3597003486894791 0.09092772871577046 0.6087243026210418 0.18047367608208714
