4 0.11495721674090568 0.5475067799560335 0.2210419427116343 0.3325135599120669
4 0.3366054974140417 0.5964493157657994 0.2722237293920882 0.4343669514026146
4 0.5676100494111782 0.5767009389095827 0.2401192067154522 0.3607476442210224
4 0.7374691107574505 0.6729951976901815 0.28183508672817903 0.4547339935570925
4 0.9034450890356347 0.6942985468298598 0.1931098219287307 0.3292794756031114
4 0.10944027669477144 0.2076539395969538 0.12236699069063528 0.17726245764913057
4 0.247539713359317 0.19283343637549996 0.18003513470717997 0.2994647105759968
4 0.3974488066915898 0.1858936108471433 0.1845953653723619 0.2885544816532356
4 0.5200601507001803 0.24988390885535344 0.1954965027052708 0.28549311416679296
4 0.6734487800365893 0.273431014045156 0.1394828600413618 0.30547836123992667
4 0.8359856900461342 0.34468436620989645 0.15172832137172562 0.2836760841125637
4 0.9676056706715453 0.14547068227028337 0.06478865865690935 0.13631929508134394
4 0.9799431333545445 0.40881556478384073 0.04011373329091086 0.18150453005422928
4 0.4442318053389543 0.04398791197861144 0.08846361067790856 0.08332156010845859
4 0.1979744233370453 0.028493680423571636 0.11157384667409058 0.05533291549465286
4 0.7836306600095451 0.07486676989888849 0.09765679734245421 0.0677511022629363
