1 0.8937177728654907 0.5266730587216168 0.21256445426901854 0.5642229390337979
1 0.7671454154159129 0.6022005929656415 0.2537451143274538 0.5615071159934022
1 0.642807581210344 0.3269839811288745 0.2743304328391082 0.5699106493794971
1 0.39866322241000385 0.21920125870898163 0.26920144482000763 0.42303564937949706
1 0.342996098085385 0.502448016230829 0.27656256623421954 0.49973454169936515
1 0.22305558720079377 0.2414075646606187 0.18048617440158754 0.4750862311953815
1 0.10160222785229944 0.3393329361308042 0.2001488883740709 0.5911658722616083
1 0.2227654767559911 0.7471347274344579 0.2000546299365505 0.4990693004748536
4 0.3825001192215952 0.8961669239901033 0.143209341377145 0.1227963054894186
4 0.4564361270261436 0.867880451107992 0.14627977767481432 0.12132473370266403
4 0.5418279900028351 0.8547559769722394 0.1283482332097769 0.14421666442319178
4 0.6124753067003907 0.8216910758768827 0.13906747840045366 0.13828491316955044
4 0.5887600097882829 0.6789580065974106 0.14181053248413758 0.1274383413827959
4 0.5163592201325692 0.7065086935861445 0.10467263103285873 0.09201766693047428
