1 0.12717833441656873 0.5661716338757694 0.25435666883313746 0.5573432677515389
1 0.2404054427791249 0.4731763076656305 0.2734445973989169 0.5513389292169281
1 0.39102918547552423 0.714095636023476 0.29235823863261895 0.561696575078485
1 0.6360183571480353 0.7813777716524969 0.2826911379839959 0.43724445669500617
1 0.6457787353927987 0.4998947744218011 0.29124002353565503 0.497634075078485
1 0.796320657472347 0.7455016027796466 0.2054661647693571 0.5025052815463485
1 0.8862207288999769 0.6125872834669127 0.21768552110002304 0.5765159916322569
1 0.7242248839301014 0.2615969142904644 0.2234252321397971 0.45817542740790573
4 0.558315286120852 0.13482529511401603 0.14118983603812651 0.12916295680654793
4 0.4927351505691929 0.17361447817613135 0.144342109577077 0.13088923111680745
4 0.4148732033291364 0.19924856399720864 0.12901711850553052 0.1472578595655099
4 0.35548852069957654 0.24149029567984295 0.13987279788867957 0.1431435696514182
4 0.3946447037361735 0.3725665552907813 0.13970915665497757 0.1337685696514182
4 0.45863506574888235 0.3352579850735363 0.10473413879807011 0.09759205223856364
