3 0.2571423132161418 0.8692590123244719 0.08130673337045283 0.26148197535105633
1 0.6958648413033195 0.2576973083429991 0.16755441072563357 0.4428912641334942
1 0.7768928339035954 0.7513045454527003 0.15505441072563358 0.44223616689245626
1 0.592558027967865 0.26791775610443547 0.14878622939208822 0.44034611827193715
1 0.6555718172342774 0.7644895409301447 0.20020327872372476 0.430548394391219
1 0.4688841706317744 0.28176117084918506 0.15047599872690648 0.451365505427067
1 0.5350775038988228 0.7738092299851537 0.17069759205917912 0.4446175384437536
1 0.3965235338956411 0.7837635866120172 0.17694759205917912 0.43247282677596566
1 0.32879497262891083 0.29552602046507226 0.24589758672817902 0.46573562188998185
1 0.18537913792968505 0.5279999265033947 0.3193736387650864 0.7412955438708206
