3 0.6640625 0.61640625 0.56015625 0.59375
3 0.3515625 0.39765625 0.56015625 0.59375
3 0.33984375 0.809375 0.3609375 0.38125
3 0.5359375 0.82734375 0.328125 0.3453125
3 0.62109375 0.21328125 0.328125 0.34453125
3 0.1640625 0.49453125 0.328125 0.34453125
3 0.3890625 0.1921875 0.28828125 0.3015625
3 0.953125 0.28828125 0.09375 0.234375
3 0.853125 0.0734375 0.11796875 0.14609375
3 0.7546875 0.9390625 0.10234375 0.121875
3 0.978125 0.6828125 0.04375 0.16328125
3 0.103125 0.79375 0.20625 0.3953125
