4 0.1875 0.53359375 0.32578125 0.14296875
4 0.265625 0.4734375 0.215625 0.11484375
4 0.30078125 0.4234375 0.1796875 0.1015625
4 0.33046875 0.39375 0.15625 0.08359375
4 0.35703125 0.3671875 0.1265625 0.07734375
4 0.36796875 0.34765625 0.12890625 0.06640625
4 0.38671875 0.32578125 0.10546875 0.065625
4 0.42890625 0.25703125 0.05546875 0.02890625
1 0.5828125 0.19609375 0.03203125 0.04765625
1 0.63046875 0.20625 0.04921875 0.06484375
1 0.72265625 0.2140625 0.05625 0.059375
4 0.5875 0.28828125 0.0796875 0.05390625
4 0.596875 0.29453125 0.09140625 0.0609375
4 0.6 0.30859375 0.0984375 0.06953125
4 0.60625 0.32734375 0.10234375 0.06484375
4 0.61328125 0.34296875 0.1171875 0.07578125
4 0.6515625 0.3609375 0.18203125 0.08828125
4 0.63515625 0.3921875 0.146875 0.08828125
4 0.67578125 0.4265625 0.21640625 0.09921875
4 0.68828125 0.47265625 0.22578125 0.109375
4 0.7234375 0.53984375 0.2796875 0.12890625
4 0.8046875 0.62109375 0.390625 0.17109375
