4 0.2821177069221489 0.9201399231124926 0.35030097241038016 0.1430151741285453
4 0.6415679500247439 0.8701377645877795 0.34724457146044047 0.20362512550802628
4 0.24252401967616208 0.7539284249215149 0.255548394391219 0.208168783355371
4 0.3613525848050244 0.7313396947092187 0.1442966338757694 0.1368935696514182
4 0.520110109115284 0.7199031484635489 0.15161781094499088 0.12792800542706678
1 0.4268889693581624 0.16687157847141673 0.6565863511977668 0.33374315694283346
4 0.30195433062115296 0.6308317616471033 0.39156778154634875 0.21685546585165943
4 0.22361240389061576 0.40120621664462897 0.24651423111680745 0.154716234734852
4 0.5909968984635489 0.5268657994134885 0.2279280054270668 0.1568585888732951
4 0.5838848405707757 0.35038186454235093 0.33950731456303557 0.23438380257724792
