3 0.3879247594023961 0.35390625 0.7758495188047922 0.7078125
3 0.6471133489738194 0.5881233686380203 0.705773302052361 0.7790472539871534
3 0.2676376285121881 0.7183817516155206 0.5019716884483337 0.49891942363069486
3 0.21201948888517402 0.5117511983288887 0.41029202830409767 0.45149760334222255
3 0.7920244990500696 0.2512019840449994 0.415951001899861 0.4423408088893058
3 0.6445105594579867 0.790122279732187 0.4606543977951393 0.40113523385118094
3 0.8514202956871877 0.49355183178454787 0.2971594086256246 0.38677918028020863
3 0.8530347342324305 0.020322845271006605 0.09669446846486096 0.04064569054201321
3 0.04242976823611137 0.31168172919843745 0.073512848023889 0.13913654160312508
3 0.34376763668031324 0.899521342421215 0.4715152433504862 0.1968114097629865
