2 0.45766964247680564 0.10429583785724221 0.06642639342673622 0.10491987336031983
2 0.42193216422829877 0.1147729924252265 0.07151393692972227 0.1223530348257091
2 0.3628299211621529 0.12960345432015705 0.07296733415618065 0.11774742198083885
2 0.31468336189159735 0.14464195612917935 0.07442073138263901 0.11314180913596861
2 0.26504703780340294 0.16288734509333141 0.07452983415618064 0.1178293091359686
2 0.19280901510197931 0.1846638478068649 0.08383209897381957 0.11519563206674706
1 0.540649062689028 0.7751605365231897 0.918701874621944 0.4426366316124618
2 0.08615962480937518 0.2066793679332529 0.06064917211208343 0.1249048247398008
2 0.015811410428576596 0.24243648349165664 0.023258274885625107 0.12762703301668674
2 0.042900587290312694 0.23006595827688595 0.05719686379145842 0.11067855042954129
2 0.07234973831649316 0.11744977159672602 0.04048083605604171 0.06298467887824381
2 0.03183384109003483 0.1242663376300996 0.03866376291777782 0.05196529172311406
5 0.749493466565 0.09518086669005747 0.17711193313000012 0.19036173338011494
5 0.6238213193385418 0.10310290931768269 0.17264263867708357 0.20620581863536538
1 0.09735888326184078 0.5870252872005584 0.1774067931217365 0.44782442559888336
