1 0.5015625 0.109375 0.50625 0.21015625
1 0.58046875 0.25078125 0.50390625 0.18984375
1 0.33515625 0.36953125 0.509375 0.209375
1 0.240625 0.6 0.40390625 0.21484375
1 0.5203125 0.64375 0.44453125 0.2171875
1 0.2703125 0.7609375 0.4671875 0.12890625
1 0.3875 0.88515625 0.5328125 0.17109375
1 0.7625 0.7515625 0.45859375 0.1484375
4 0.88125 0.60078125 0.10390625 0.12265625
4 0.84921875 0.5328125 0.10234375 0.125
4 0.83125 0.4546875 0.1234375 0.1078125
4 0.7953125 0.390625 0.11796875 0.11875
4 0.66484375 0.4140625 0.1078125 0.1203125
4 0.6953125 0.48046875 0.07734375 0.090625
