4 0.19057714532172665 0.6975787641334942 0.24143140220462778 0.33851802464894387
4 0.4052962199225753 0.6675138851189647 0.2922537559686802 0.4378496393028364
4 0.5993725306832595 0.5708823038204434 0.2565762411399325 0.3658175090451115
4 0.7861695351318837 0.6017206252808838 0.3055814269192071 0.45881723654387424
4 0.9172869535737718 0.5609805178630805 0.16542609285245646 0.33597952283992144
4 0.0641314145619175 0.3876947518090223 0.10394203657757746 0.1785145036180446
4 0.16461423421985028 0.3282555540475859 0.1946545612921568 0.3002057971501809
4 0.29244080387778304 0.2702493815009202 0.19746122631118493 0.29255707146044047
4 0.425730806349241 0.2889285396869491 0.208271392318796 0.29000528154634875
4 0.5702647149424783 0.2583037386915809 0.15734556228073995 0.3029280054270669
4 0.7398596319386728 0.268750995023159 0.16751905832640723 0.28475121551297516
4 0.8113022559314992 0.07058348993477634 0.15072951186299832 0.06402927973732644
4 0.9207276299615064 0.2688749050182102 0.11526153855474383 0.1884627137039529
4 0.2710393532697607 0.10853395352718757 0.09696252471457942 0.12201884215265535
4 0.05164736612134195 0.1578434774987628 0.09616402866891205 0.1406869549975256
4 0.5837038379467214 0.05241890886339744 0.10178267589344295 0.04899077792830413
4 0.07034289977035094 0.7123262596109384 0.08802255931499045 0.2852624706013579
