5 0.678518384102045 0.13361206584775287 0.5928832629424182 0.24342968355701472
5 0.6790003788756668 0.30064044147457347 0.6419992422486664 0.2793959272888086
5 0.6680660024896616 0.4613733529947714 0.6638679950206768 0.3073223504874889
5 0.6610417287415511 0.5938676042484128 0.6779165425168978 0.3048338479802066
5 0.6645986392225425 0.7024840863017239 0.6708027215549149 0.33135088387358386
5 0.6585075339185184 0.7733277837152992 0.6829849321629633 0.3021634890464332
5 0.6371365509836583 0.8526171919700454 0.7257268980326834 0.29476561605990914
5 0.5743773307088677 0.9178443810370969 0.6396070735222315 0.16431123792580635
1 0.17781272881213828 0.1471203555685609 0.3534413313441521 0.2567407111371218
1 0.18534232067963413 0.3969157670887588 0.3373767155873715 0.22195653417751765
