5 0.889527218690317 0.63828125 0.22094556261936588 0.5796875
5 0.7497236627545869 0.64765625 0.32460548408654155 0.6375
5 0.580283319422314 0.65546875 0.35645546809354123 0.6890625
5 0.4442730940881323 0.64921875 0.3566009187619047 0.7015625
5 0.3334083194223141 0.65546875 0.3877054680935411 0.6890625
5 0.25835377542167776 0.65078125 0.3596895560948138 0.6984375
5 0.17607707741881423 0.6296875 0.3461179521005408 0.740625
5 0.1011492554105419 0.56875 0.1966622974219959 0.653125
1 0.8338766553548627 0.15859375 0.2677533107097254 0.3171875
1 0.5847033586887262 0.1625 0.25065671737745243 0.325
